908745203948
41732671582057393883820591966331080561609396296340728558060990737752976060988
25782593187786019251604352909868739359446982485091490612773639124087557412013
12801194778003163245331964683557523943025635921728127885713792473452430758288
28495931133332820170507444701691886742315864386330684773080270118199598216395
20933198571700751768
6142723873951182784
11620999149116912465
15626402049826638458
6649156858636873717
11620999149116912465
1397522442404624204
13004469729613861672
9042922639587931224278048386249758163127747603018558667158396437781956729668
