1.621246337890625e-05 
4.0531158447265625e-06 
6.604194641113281e-05 
1.7881393432617188e-05 
2.9087066650390625e-05 
4.57763671875e-05 
8.606910705566406e-05 
0.00014781951904296875 
0.00037217140197753906 
0.0007319450378417969 
0.0016219615936279297 
0.0028989315032958984 
0.005506038665771484 
0.01766514778137207 
0.027110815048217773 
0.043374061584472656 
0.06365418434143066 
0.1403491497039795 
0.3033030033111572 
0.46236419677734375 
0.9989609718322754 
2.2589828968048096 
4.89360499382019 
7.616338014602661 
15.39176607131958 
43.27423095703125 
70.482253074646 
169.27184414863586 
379.2271921634674 
752.1907932758331 
1562.0565600395203 
2957.1862411499023 
6199.803603887558 
11904.078656196594 
